CARB_RATIO
5.0
5.0
5.0
5.0
5.0
5.0
5.0
5.0
5.0
5.0
11.0
11.0
11.0
11.0
11.0
6.0
6.0
6.0
6.0
6.0
6.0
6.0
6.0
6.0

INSULIN_SENSITIVITY
1.0
1.0
1.0
1.0
2.0
2.0
2.0
2.0
3.0
3.0
3.0
3.0
4.0
4.0
4.0
4.0
5.0
5.0
5.0
5.0
6.0
6.0
6.0
6.0

INSULIN_LONGEVITY
2

TARGET_GLUCOSE
4.5
10.0

BASAL_PATTERN 1 *
2.5
2.5
2.5
2.5
2.5
2.5
2.5
2.5
2.5
2.5
2.5
2.5
2.5
2.5
2.5
2.5
2.5
2.5
2.5
2.5
2.5
2.5
2.5
2.5

BASAL_PATTERN 2
1.5
1.5
1.5
1.5
1.5
1.5
1.5
1.5
1.5
1.5
1.5
1.5
1.5
1.5
1.5
1.5
1.5
1.5
1.5
1.5
1.5
1.5
1.5
1.5

